0 untitled model
0 Name: 75827 - SECRETARY OFFICE.ldr
0 Author: Jerome Schlitter
1 71 0 0 0 0.707107 0 -0.707107 0 1 0 0.707107 0 0.707107 3679.dat
1 0 0 0 0 1 0 0 0 1 0 0 0 1 3680.dat
1 0 30 8 10 1 0 0 0 1 0 0 0 1 32124.dat
1 0 30 8 -10 1 0 0 0 1 0 0 0 1 32124.dat
1 0 60 8 -40 1 0 0 0 1 0 0 0 1 4032a.dat
1 0 60 8 40 1 0 0 0 1 0 0 0 1 4032a.dat
1 70 60 0 0 0 0 -1 0 1 0 1 0 0 3034.dat
1 70 50 8 -70 0 0 -1 0 1 0 1 0 0 6141.dat
1 70 70 8 -70 0 0 -1 0 1 0 1 0 0 6141.dat
1 70 50 8 70 0 0 -1 0 1 0 1 0 0 6141.dat
1 70 70 8 70 0 0 -1 0 1 0 1 0 0 6141.dat
0 STEP
1 70 60 -24 -60 0 0 -1 0 1 0 1 0 0 3003.dat
1 70 60 -24 60 0 0 -1 0 1 0 1 0 0 3003.dat
1 70 80 -10 0 0 -1 0 0 0 -1 1 0 0 15207.dat
0 STEP
0 STEP
1 0 0 -8 0 -0.707107 0 -0.707107 0 1 0 0.707107 0 -0.707107 4079.dat
1 70 60 -32 0 0 0 -1 0 1 0 1 0 0 3034.dat
0 STEP
1 71 70 -40 60 0 0 -1 0 1 0 1 0 0 3023.dat
1 15 70 -40 -40 0 0 -1 0 1 0 1 0 0 3023.dat
1 72 60 -40 30 1 0 0 0 1 0 0 0 1 3069b.dat
1 72 60 -40 10 1 0 0 0 1 0 0 0 1 60478.dat
1 15 50 -40 -40 0 0 1 0 1 0 -1 0 0 3069bp80.dat
1 47 70 -40 -70 0 0 -1 0 1 0 1 0 0 6141.dat
1 4 50 -40 -70 0 0 -1 0 1 0 1 0 0 6141.dat
0 STEP
1 71 70 -48 60 0 0 -1 0 1 0 1 0 0 3794b.dat
1 71 70 -56 60 1 0 0 0 1 0 0 0 1 15712.dat
1 71 50 -32 60 0 0 1 0 1 0 -1 0 0 85984.dat
1 15 50 -48 10 -0.5 0 0.866025 0 1 0 -0.866025 0 -0.5 3069bp01.dat
1 15 70 -48 -30 0 0 -1 0 1 0 1 0 0 3070b.dat
1 15 70 -48 -50 0 0 -1 0 1 0 1 0 0 3024.dat
1 10 70 -48 -70 -0.707107 0 -0.707107 0 1 0 0.707107 0 -0.707107 33291.dat
0 STEP
1 72 70 -58 60 0 0 1 0 1 0 -1 0 0 6190.dat
1 297 80.3359 -69.9229 10 0 -0.78801 -0.615661 0 0.615661 -0.78801 0.999999 0 0 20482.dat
1 47 73.9898 -64.9558 10 0 -0.78801 -0.615661 0 0.615661 -0.78801 0.999999 0 0 6141.dat
1 72 90 -39 10 0 0.258819 0.965925 0 -0.965925 0.258819 0.999999 0 0 93061.dat
0 STEP
1 15 72.7956 -56 -40.5529 -0.258819 0 0.965926 0 1 0 -0.965926 0 -0.258819 99207.dat
1 15 72.7956 -64 -40.5529 -0.258819 0 0.965926 0 1 0 -0.965926 0 -0.258819 3023.dat
1 15 72.7956 -64 -40.5529 0.258819 0 -0.965926 0 1 0 0.965926 0 0.258819 85984.dat
1 15 51.5452 -68 -34.8589 -0.258819 0.965926 0 0 0 -1 -0.965926 -0.258819 0 3068bp72.dat
0 STEP
