0 !LEOCAD GROUP BEGIN Minifig n°1
1 8 0 -96.08 0 1 0 0 0 1 0 0 0 1 61183.dat
1 14 0 -96.08 0 1 0 0 0 1 0 0 0 1 3626bp01.dat
1 8 0 -72 0 1 0 0 0 1 0 0 0 1 15439.dat
1 288 0 -72 0 1 0 0 0 1 0 0 0 1 973prd.dat
1 6 0 -40 0 1 0 0 0 1 0 0 0 1 3815.dat
1 288 15.5 -64 0 0.985435 0.170055 0 -0.170055 0.985435 0 0 0 1 3819.dat
1 288 -15.5 -64 0 0.985435 -0.170055 0 0.170055 0.985435 0 0 0 1 3818.dat
1 14 23.6582 -46.127 -10 0.985435 0.120247 -0.120247 -0.170055 0.696808 -0.696808 0 0.707107 0.707107 3820.dat
1 14 -23.6582 -46.127 -10 0.985435 -0.120247 0.120247 0.170055 0.696808 -0.696808 0 0.707107 0.707107 3820.dat
1 70 0 -28 0 1 0 0 0 1 0 0 0 1 3817pba.dat
1 6 0 -28 0 1 0 0 0 1 0 0 0 1 3816.dat
0 !LEOCAD GROUP END
